16 5 1 57
20 2 1 47
7 8 1 61
28 6 1 81
17 8 2 72
29 10 1 99
14 1 2 34
20 8 2 76
23 6 1 77
27 6 1 81
26 9 2 96
15 2 1 37
15 3 2 44
17 3 2 48
2 8 2 49
10 3 2 33
22 10 1 87
4 9 2 59
11 8 1 66
3 8 1 54
30 4 1 73
27 10 2 96
5 6 1 52
3 1 2 14
13 7 2 63
9 2 2 23
12 8 1 67
21 10 1 85
24 5 1 76
21 2 2 46
15 10 2 74
11 7 2 59
2 8 2 49
28 10 2 96
29 10 2 96
14 2 2 34
21 3 1 58
5 9 1 63
10 9 2 67
22 3 1 60
28 1 1 57
3 1 1 15
1 8 2 49
28 4 2 70
19 5 1 65
10 3 2 33
21 6 1 74
6 7 2 54
24 5 2 73
19 2 2 42
2 5 1 37
5 6 2 50
21 4 1 63
7 10 2 63
1 6 2 42
10 3 2 33
14 5 2 54
5 8 2 55
22 1 2 48
8 4 2 38
8 4 1 40
5 3 1 31
19 3 1 56
21 4 2 60
9 4 1 41
25 3 2 64
22 3 1 60
11 7 2 59
17 5 2 57
26 10 2 96
14 4 2 49
1 6 1 44
9 5 1 48
2 4 1 29
9 2 1 24
17 1 1 40
14 8 1 73
2 2 2 14
16 5 2 54
11 1 1 28
4 1 2 15
17 4 2 52
22 7 1 79
17 9 1 79
2 7 1 48
3 8 2 51
26 6 1 81
18 5 1 63
12 3 1 40
23 2 2 49
27 4 1 73
13 10 2 73
9 1 1 24
7 10 1 66
1 8 1 52
5 8 1 58
20 3 2 54
25 9 1 98
23 2 2 49
1 8 2 49
3 1 2 14
10 3 1 35
10 3 1 35
14 7 2 66
14 1 2 34
4 9 1 62
11 9 2 69
8 6 2 51
10 5 2 46
11 1 2 26
24 3 2 61
19 9 1 81
25 6 2 78
23 10 1 90
14 1 2 34
28 8 2 88
8 6 1 54
21 9 1 85
18 1 2 40
24 9 1 94
2 8 1 52
10 1 1 26
5 5 1 44
17 9 1 79
22 1 2 48
9 6 2 52
6 3 2 31
19 10 1 81
24 9 2 91
21 4 1 63
2 1 2 13
28 8 1 90
5 4 1 37
17 1 2 38
16 4 2 49
22 10 2 85
15 7 2 66
7 6 2 51
7 3 2 32
17 4 1 55
6 6 1 53
3 4 2 31
8 8 1 62
6 2 1 20
3 5 1 40
20 1 1 47
23 5 1 74
6 6 1 53
22 3 1 60
11 4 1 43
16 7 1 69
5 6 1 52
22 8 1 82
28 10 1 99
28 5 1 77
14 9 1 77
17 9 1 79
2 4 2 28
2 8 2 49
1 6 1 44
24 10 2 91
22 3 2 57
5 4 2 35
13 6 1 61
19 8 2 74
27 2 2 54
24 10 2 91
21 8 2 77
3 8 1 54
3 10 2 56
23 9 1 90
16 6 1 64
12 2 2 29
23 2 2 49
3 8 1 54
3 8 2 51
4 4 1 35
15 7 1 69
4 9 1 62
27 2 1 57
29 3 2 64
22 7 2 77
17 2 2 38
5 3 1 31
28 5 1 77
24 5 2 73
24 8 2 85
23 9 2 88
16 7 1 69
9 3 2 32
19 9 1 81
18 3 2 51
30 6 2 78
27 9 1 99
7 10 2 63
17 4 1 55
8 3 2 32
29 10 2 96
13 1 1 33
9 6 2 52
15 8 1 73
30 10 1 99
8 1 1 22
9 7 2 57
11 9 2 69
5 7 1 55
26 5 2 74
12 9 1 74
23 6 2 75
26 6 1 81
7 10 2 63
17 3 2 48
6 10 2 62
1 9 1 57
6 8 1 59
13 3 1 43
24 9 1 94
25 5 2 74
2 3 2 21
27 9 1 99
10 8 2 62
28 2 1 57
27 5 1 77
15 4 1 52
13 8 1 70
17 2 2 38
18 3 1 53
30 5 1 77
21 8 2 77
18 2 2 40
17 8 1 74
22 6 1 76
17 1 2 38
23 2 1 52
29 3 1 67
8 10 2 64
7 8 1 61
10 4 2 40
5 3 1 31
8 9 2 64
10 4 1 42
21 1 1 49
24 6 2 76
13 7 2 63
12 3 1 40
4 1 1 16
17 8 1 74
3 9 2 56
8 4 1 40
4 4 2 33
20 6 1 72
14 9 1 77
26 9 1 99
9 9 1 69
21 8 2 77
4 10 1 62
18 5 2 60
10 1 1 26
15 2 2 34
20 10 1 83
28 1 2 54
3 5 1 40
14 7 1 69
19 3 1 56
5 7 2 52
2 7 1 48
26 9 1 99
13 4 1 48
17 3 2 48
2 6 1 44
3 9 2 56
11 8 1 66
23 5 1 74
5 10 1 63
29 3 1 67
6 3 2 31
13 8 1 70
17 3 1 50
29 3 1 67
20 5 1 68
8 7 1 59
9 3 2 32
2 6 2 42
28 6 2 78
9 7 2 57
3 4 2 31
30 2 1 57
22 7 1 79
14 7 1 69
10 9 1 70
20 9 2 80
22 4 1 65
21 1 2 46
8 3 2 32
24 4 2 67
21 4 1 63
10 2 1 26
12 7 1 63
25 8 2 88
5 7 2 52
14 8 1 73
12 4 1 44
8 4 2 38
9 4 2 39
13 1 2 31
14 3 2 44
28 6 1 81
9 6 1 55
15 8 2 70
7 8 2 58
26 5 2 74
26 5 1 77
24 1 2 51
25 3 2 64
1 8 1 52
5 9 1 63
17 8 2 72
6 6 1 53
24 3 1 64
29 8 2 88
15 7 2 66
19 7 2 70
10 6 2 53
27 5 2 74
17 6 2 63
17 8 1 74
25 7 2 82
10 7 2 57
15 7 1 69
5 5 2 41
23 8 1 84
5 4 1 37
16 2 1 37
6 5 2 42
11 9 1 72
7 5 1 46
8 7 2 56
7 5 1 46
12 5 2 49
29 10 1 99
29 10 1 99
25 10 1 98
26 7 2 82
18 10 1 80
21 3 2 56
21 8 1 80
7 7 2 55
22 10 2 85
3 5 1 40
3 8 1 54
28 10 1 99
12 7 1 63
1 4 1 29
17 10 1 79
19 8 1 77
25 4 1 73
24 1 1 55
25 1 1 57
2 7 1 48
28 5 1 77
16 9 1 77
9 1 1 24
4 9 2 59
8 9 2 64
8 5 2 44
27 6 2 78
21 8 1 80
18 9 1 80
8 5 2 44
7 5 1 46
14 8 1 73
5 1 2 16
14 4 1 52
11 6 1 57
14 4 2 49
30 5 1 77
8 7 1 59
1 3 2 21
16 5 2 54
24 8 1 87
8 1 1 22
17 2 2 38
27 4 1 73
16 4 2 49
8 5 2 44
17 5 1 60
19 6 2 67
17 10 2 76
12 10 1 74
22 6 2 73
29 6 1 81
6 9 1 65
25 9 2 96
16 10 1 77
10 9 2 67
25 2 1 57
1 5 2 35
8 3 1 33
14 8 1 73
19 9 1 81
10 3 1 35
29 8 2 88
23 7 1 81
30 5 1 77
15 9 2 74
30 3 2 64
12 9 1 74
9 6 1 55
14 10 2 74
5 3 2 29
21 7 2 75
15 3 1 47
29 8 2 88
13 4 2 45
8 6 1 54
7 9 1 66
27 4 2 70
27 4 2 70
9 4 1 41
21 10 1 85
15 2 1 37
16 2 1 37
13 9 1 76
17 9 2 76
24 10 2 91
17 2 2 38
28 10 2 96
20 8 1 78
27 5 2 74
5 5 1 44
11 4 2 41
24 5 1 76
15 7 1 69
23 5 2 71
15 10 1 77
16 5 1 57
16 5 1 57
7 8 2 58
7 3 2 32
11 10 2 69
30 2 1 57
17 7 1 70
14 10 1 77
12 9 2 71
21 1 2 46
16 7 1 69
15 8 1 73
18 7 1 72
27 8 2 88
20 5 2 65
29 8 1 90
11 7 1 62
18 8 2 73
12 9 2 71
26 5 2 74
21 10 2 82
9 2 1 24
26 9 1 99
3 6 1 48
18 2 2 40
8 9 1 67
4 9 2 59
22 6 1 76
27 4 2 70
24 7 1 83
10 1 2 24
17 1 2 38
13 1 1 33
13 8 1 70
16 7 1 69
8 2 1 22
15 3 2 44
23 3 2 59
3 2 2 15
20 2 2 44
4 5 2 39
26 10 1 99
1 9 1 57
12 3 1 40
27 7 1 85
20 7 2 72
3 1 1 15
17 5 1 60
14 5 1 57
5 8 2 55
11 2 1 28
22 7 2 77
17 1 1 40
28 8 2 88
6 9 1 65
30 7 2 82
29 7 1 85
16 5 1 57
28 2 2 54
15 2 1 37
23 5 1 74
19 5 1 65
1 6 1 44
7 5 1 46
29 2 1 57
12 3 1 40
11 2 1 28
14 4 2 49
5 1 1 17
22 6 2 73
26 5 2 74
10 7 1 60
15 9 2 74
22 2 1 51
19 8 1 77
20 10 2 80
9 10 2 66
24 1 1 55
29 3 1 67
28 3 1 67
22 4 2 62
9 10 1 69
20 1 1 47
27 6 1 81
2 3 2 21
28 7 2 82
15 1 2 35
5 8 1 58
24 9 2 91
22 7 2 77
1 10 1 57
22 1 1 51
1 5 2 35
24 4 2 67
28 8 2 88
17 1 1 40
12 5 2 49
4 3 2 27
29 4 2 70
16 5 1 57
20 8 2 76
21 4 2 60
20 6 1 72
16 5 1 57
23 2 1 52
3 7 1 51
17 8 2 72
1 6 2 42
23 3 1 62
8 2 2 21
18 5 2 60
19 2 2 42
14 6 1 64
28 5 1 77
18 5 2 60
2 6 1 44
1 10 2 54
13 6 2 58
5 6 2 50
7 4 2 37
8 8 2 59
5 3 2 29
12 7 2 61
8 4 1 40
13 2 1 33
20 4 1 61
10 3 2 33
2 9 2 54
20 8 1 78
7 2 1 20
14 1 1 37
21 7 2 75
10 8 2 62
18 9 1 80
9 3 1 34
1 3 1 22
19 6 2 67
10 5 2 46
23 1 1 52
20 5 2 65
30 5 1 77
2 9 2 54
23 5 1 74
14 5 2 54
4 9 1 62
15 3 1 47
1 7 2 45
3 6 1 48
18 7 2 69
14 10 2 74
6 4 1 38
29 8 1 90
14 4 2 49
9 4 2 39
20 9 2 80
27 7 1 85
29 3 1 67
1 9 1 57
11 2 2 26
29 2 2 54
2 1 2 13
5 7 2 52
19 2 1 45
9 4 2 39
22 9 1 87
3 3 2 25
6 9 2 62
21 7 2 75
24 6 2 76
29 4 2 70
14 6 2 61
2 1 2 13
14 8 1 73
2 7 1 48
8 5 1 47
1 10 1 57
27 6 1 81
5 7 2 52
28 2 2 54
28 4 1 73
18 4 2 54
7 4 2 37
27 7 2 82
7 5 1 46
29 9 2 96
27 4 1 73
24 6 1 79
20 3 2 54
16 7 1 69
9 9 2 66
22 5 1 72
11 2 2 26
19 6 2 67
27 6 1 81
8 6 2 51
24 5 1 76
4 2 1 17
22 9 2 85
2 10 1 57
20 6 1 72
17 9 1 79
27 2 2 54
9 10 2 66
11 10 1 72
18 1 2 40
14 6 1 64
21 3 2 56
19 1 2 42
24 1 1 55
2 8 2 49
28 2 2 54
27 9 1 99
17 6 2 63
21 10 2 82
25 4 1 73
30 3 1 67
28 4 1 73
19 5 2 62
21 2 1 49
21 1 2 46
28 6 2 78
20 8 2 76
7 9 2 63
17 8 2 72
24 4 2 67
24 9 1 94
28 7 2 82
17 5 1 60
8 2 1 22
23 7 2 78
7 2 1 20
23 10 1 90
17 3 2 48
13 5 2 51
16 5 1 57
2 2 1 15
25 10 1 98
28 4 1 73
11 6 2 54
3 2 1 16
20 2 1 47
22 7 2 77
21 6 2 71
15 2 1 37
10 9 1 70
13 5 1 54
8 6 1 54
29 3 2 64
17 5 1 60
28 9 2 96
20 7 2 72
12 9 1 74
21 5 1 70
26 8 1 90
28 1 1 57
23 6 2 75
19 6 1 70
14 10 2 74
18 6 1 68
8 8 2 59
16 3 2 44
17 2 2 38
2 3 2 21
16 5 2 54
29 1 1 57
10 1 2 24
2 5 2 35
28 7 1 85
4 3 1 29
13 8 1 70
6 9 2 62
27 1 2 54
29 4 2 70
18 6 1 68
28 9 1 99
16 4 1 52
18 2 2 40
7 6 1 53
26 8 2 88
1 6 1 44
17 10 2 76
3 9 2 56
9 10 2 66
5 1 1 17
27 10 1 99
13 10 1 76
16 2 2 34
17 8 1 74
10 7 2 57
3 7 2 48
12 9 1 74
2 5 2 35
7 2 2 19
19 5 2 62
7 8 1 61
20 3 1 57
16 5 1 57
14 7 1 69
8 3 1 33
19 7 1 73
8 5 1 47
30 5 1 77
24 5 2 73
26 3 1 67
12 2 2 29
12 10 2 71
16 1 1 37
20 3 2 54
6 7 2 54
1 1 1 14
19 5 2 62
17 4 2 52
25 10 1 98
3 6 2 45
28 2 2 54
30 10 1 99
14 1 2 34
11 7 1 62
3 5 1 40
25 8 1 90
22 6 1 76
18 5 1 63
27 1 2 54
23 9 2 88
8 4 1 40
11 6 2 54
26 1 2 54
1 3 2 21
10 7 2 57
22 4 1 65
14 4 2 49
26 4 2 70
26 2 2 54
28 5 1 77
21 8 2 77
3 10 2 56
25 4 1 73
3 6 1 48
22 9 1 87
8 1 1 22
15 3 1 47
2 5 1 37
27 8 2 88
2 3 2 21
23 4 1 67
12 6 2 56
26 3 2 64
21 4 1 63
26 1 1 57
7 4 1 40
19 2 2 42
2 2 1 15
18 2 1 43
24 2 1 55
23 4 1 67
1 1 1 14
1 9 2 54
15 1 1 37
5 9 1 63
30 3 1 67
23 4 2 64
30 2 2 54
25 6 2 78
26 3 2 64
21 3 2 56
12 4 1 44
28 10 2 96
19 5 1 65
14 6 1 64
20 8 1 78
20 5 1 68
17 4 1 55
15 7 2 66
18 2 2 40
3 10 2 56
9 9 1 69
21 10 2 82
22 6 2 73
6 5 1 45
26 10 1 99
26 4 1 73
12 9 2 71
22 9 1 87
9 9 1 69
11 3 2 35
22 6 1 76
3 9 1 60
12 1 2 29
28 8 2 88
29 7 2 82
30 10 2 96
28 3 1 67
22 1 2 48
22 10 2 85
28 5 1 77
26 1 1 57
7 7 1 58
16 6 2 61
15 9 1 77
3 8 1 54
18 5 2 60
18 4 1 57
5 10 2 60
25 10 1 98
25 2 1 57
14 10 2 74
1 7 2 45
7 1 2 19
30 8 2 88
30 8 2 88
18 10 1 80
27 10 1 99
26 9 2 96
1 9 2 54
11 4 2 41
20 8 2 76
15 1 2 35
30 9 1 99
19 5 1 65
29 8 2 88
26 8 2 88
30 10 2 96
21 4 2 60
14 9 2 74
3 7 2 48
28 6 1 81
21 7 2 75
28 1 2 54
21 1 2 46
5 1 2 16
20 6 1 72
12 6 1 59
4 9 1 62
22 7 2 77
17 4 2 52
19 2 1 45
16 6 1 64
9 10 2 66
10 6 1 56
25 6 1 81
26 9 1 99
29 7 2 82
28 4 1 73
20 8 1 78
23 2 2 49
9 1 1 24
28 9 2 96
7 1 2 19
9 7 1 60
3 8 2 51
17 4 2 52
24 3 1 64
18 9 2 77
15 4 2 49
26 3 2 64
15 4 1 52
18 4 2 54
12 3 1 40
11 6 2 54
16 1 2 34
5 3 2 29
5 3 1 31
7 5 1 46
16 4 1 52
16 4 2 49
1 9 1 57
29 7 1 85
12 5 1 52
16 2 1 37
22 1 1 51
26 5 2 74
18 2 2 40
23 5 2 71
27 7 1 85
8 3 2 32
8 8 1 62
1 1 1 14
6 7 2 54
27 10 1 99
2 4 1 29
30 4 1 73
8 2 2 21
1 10 1 57
3 9 2 56
13 6 2 58
1 7 2 45
21 6 1 74
6 2 1 20
24 3 1 64
6 8 2 57
6 4 1 38
1 3 2 21
6 3 1 33
10 1 1 26
13 6 1 61
29 3 1 67
13 6 1 61
10 1 1 26
21 5 1 70
27 1 1 57
1 7 1 48
20 4 2 58
9 7 2 57
23 9 1 90
25 5 2 74
30 8 2 88
8 4 2 38
14 3 1 47
30 2 2 54
11 3 1 37
14 9 1 77
30 6 1 81
22 8 1 82
30 4 2 70
16 8 2 70
7 7 2 55
4 2 1 17
17 4 1 55
4 4 1 35
21 8 1 80
19 10 2 79
17 9 2 76
29 4 2 70
7 5 1 46
30 10 2 96
24 7 1 83
29 1 2 54
23 3 2 59
28 3 2 64
4 4 2 33
9 9 2 66
22 8 1 82
28 2 2 54
1 9 1 57
1 1 2 13
29 6 2 78
30 2 1 57
22 9 2 85
22 4 1 65
16 5 2 54
12 6 2 56
18 3 1 53
18 8 1 76
30 10 2 96
30 3 1 67
6 10 2 62
20 9 1 83
19 2 2 42
22 9 2 85
13 10 2 73
21 5 1 70
1 6 1 44
10 4 2 40
3 1 1 15
20 1 1 47
18 9 1 80
26 1 2 54
16 6 1 64
23 9 1 90
20 10 2 80
29 2 1 57
19 2 1 45
9 6 2 52
6 8 1 59
6 1 1 19
30 8 2 88
18 7 1 72
26 2 1 57
19 1 2 42
5 6 1 52
18 4 2 54
20 4 1 61
29 8 1 90
4 10 1 62
26 6 1 81
13 8 2 67
24 3 2 61
29 1 1 57
12 4 2 42
23 5 2 71
15 3 1 47
8 2 1 22
23 8 2 82
17 6 1 66
9 3 1 34
12 4 1 44
16 6 1 64
2 4 2 28
21 1 2 46
27 6 1 81
27 2 1 57
10 5 1 49
16 3 1 47
8 2 2 21
25 1 2 54
16 7 1 69
16 7 1 69
22 3 1 60
8 8 1 62
13 7 1 66
1 6 1 44
23 4 1 67
28 8 1 90
4 7 1 53
22 5 2 69
9 10 1 69
30 1 1 57
9 7 2 57
16 6 2 61
4 2 2 16
7 5 1 46
2 2 1 15
9 6 1 55
23 1 2 49
29 10 2 96
24 5 2 73
16 9 1 77
27 3 2 64
23 5 2 71
28 8 2 88
1 2 2 14
22 9 1 87
19 2 1 45
29 4 1 73
22 3 1 60
8 4 1 40
20 5 2 65
12 7 1 63
6 6 1 53
30 3 2 64
17 3 1 50
12 8 1 67
12 9 1 74
5 4 2 35
13 2 2 31
18 4 1 57
13 8 1 70
14 5 2 54
5 2 1 19
26 6 2 78
20 4 1 61
28 8 2 88
26 10 2 96
19 9 2 79
14 1 2 34
3 4 2 31
6 8 1 59
23 2 1 52
5 6 2 50
12 3 2 37
23 3 2 59
18 8 2 73
20 4 1 61
7 7 1 58
4 3 2 27
6 8 1 59
4 2 2 16
18 2 1 43
9 9 2 66
20 5 2 65
16 4 2 49
30 2 1 57
18 2 2 40
17 10 2 76
14 9 1 77
13 6 1 61
14 5 2 54
9 5 1 48
25 10 2 96
8 5 1 47
7 2 2 19
14 1 1 37
29 4 1 73
12 7 1 63
21 9 1 85
22 8 2 79
5 4 2 35
17 1 1 40
15 4 1 52
2 2 2 14
4 3 1 29
11 8 2 63
7 6 2 51
15 7 1 69
23 10 1 90
1 2 2 14
25 2 2 54
25 6 2 78
5 9 1 63
18 2 1 43
26 1 2 54
3 7 1 51
15 1 2 35
21 8 1 80
30 4 1 73
29 5 1 77
12 5 1 52
2 2 2 14
24 1 2 51
27 9 2 96
27 9 2 96
2 10 1 57
16 8 1 73
18 1 1 43
20 6 2 69
28 4 1 73
16 1 1 37
19 7 1 73
13 10 1 76
11 6 2 54
13 1 2 31
2 7 2 45
1 9 2 54
7 3 1 33
3 10 2 56
27 6 2 78
30 1 1 57
25 2 2 54
14 7 2 66
25 9 1 98
20 5 2 65
10 2 1 26
20 2 1 47
3 4 2 31
26 4 2 70
13 9 1 76
16 6 1 64
21 1 2 46
30 6 1 81
19 2 1 45
7 6 1 53
28 7 1 85
23 5 1 74
25 9 2 96
5 5 1 44
18 7 2 69
3 4 2 31
5 6 2 50
13 7 2 63
11 10 1 72
21 4 2 60
12 9 2 71
25 6 2 78
9 3 2 32
2 8 1 52
26 6 2 78
29 1 2 54
11 1 2 26
14 8 1 73
17 10 1 79
4 5 1 42
17 8 2 72
9 3 2 32
1 7 2 45
26 8 2 88
23 6 2 75
15 10 1 77
8 7 1 59
6 8 2 57
13 3 2 40
25 10 2 96
27 7 2 82
17 4 2 52
19 1 1 45
10 7 2 57
16 5 1 57
10 8 1 64
23 5 1 74
9 10 1 69
26 6 1 81
12 1 1 30
30 7 2 82
6 9 2 62
13 5 2 51
30 3 1 67
20 6 2 69
7 9 2 63
14 4 1 52
6 7 1 57
30 6 1 81
22 2 2 48
13 10 1 76
24 1 1 55
8 9 1 67
23 5 2 71
15 7 1 69
10 4 1 42
5 7 1 55
1 2 1 15
18 1 1 43
7 5 2 43
6 2 1 20
13 5 2 51
27 8 2 88
1 3 1 22
10 2 1 26
10 5 2 46
8 4 2 38
1 7 1 48
19 9 1 81
22 2 2 48
23 4 2 64
14 3 2 44
10 2 1 26
5 3 2 29
25 4 2 70
19 4 2 56
17 6 1 66
17 10 1 79
27 10 2 96
3 6 1 48
25 10 1 98
30 10 1 99
7 8 1 61
21 10 2 82
18 9 1 80
24 10 2 91
1 7 2 45
30 10 2 96
23 9 2 88
4 8 2 53
30 5 1 77
27 7 2 82
16 7 1 69
9 3 2 32
23 9 2 88
14 9 1 77
27 3 2 64
6 3 2 31
23 9 2 88
25 6 1 81
20 5 1 68
27 8 1 90
5 7 2 52
25 6 2 78
24 8 1 87
9 10 2 66
14 5 1 57
10 1 2 24
18 10 1 80
8 10 1 67
26 7 2 82
2 7 1 48
26 6 1 81
2 1 2 13
3 6 1 48
3 1 2 14
12 3 2 37
27 8 2 88
19 3 2 53
28 9 2 96
14 5 1 57
18 1 1 43
23 7 1 81
14 10 1 77
10 4 2 40
11 6 1 57
20 4 2 58
10 8 2 62
13 6 2 58
12 7 1 63
12 8 1 67
4 2 1 17
7 5 1 46
16 8 2 70
10 6 1 56
13 5 2 51
5 6 2 50
29 4 2 70
4 9 1 62
11 2 1 28
20 7 2 72
12 2 1 30
4 9 2 59
1 6 2 42
25 5 1 77
13 10 1 76
26 4 1 73
4 1 1 16
17 5 2 57
6 8 1 59
28 10 1 99
5 10 2 60
18 7 1 72
25 2 1 57
7 1 1 20
14 6 2 61
8 6 2 51
25 9 2 96
28 8 1 90
18 10 1 80
7 8 1 61
4 7 2 50
2 6 1 44
30 2 1 57
16 8 2 70
17 4 2 52
7 6 1 53
5 5 1 44
2 1 1 14
28 6 2 78
6 3 2 31
20 5 2 65
28 4 1 73
17 6 2 63
9 1 1 24
26 1 2 54
4 8 2 53
8 8 2 59
7 1 2 19
27 10 2 96
19 3 2 53
1 9 1 57
14 4 2 49
20 9 2 80
10 4 2 40
21 9 1 85
18 1 2 40
29 10 2 96
27 2 2 54
21 6 2 71
3 2 1 16
11 8 2 63
23 1 1 52
11 2 1 28
26 3 1 67
2 5 2 35
12 9 1 74
5 3 2 29
21 5 1 70
20 9 2 80
27 4 2 70
29 7 2 82
10 9 1 70
17 6 1 66
20 4 1 61
26 8 2 88
13 3 2 40
14 2 1 37
1 5 2 35
1 5 2 35
13 7 2 63
7 4 1 40
24 10 1 94
26 2 1 57
5 7 2 52
19 5 1 65
29 2 2 54
15 1 2 35
3 5 1 40
2 10 2 54
26 4 2 70
11 2 1 28
20 9 2 80
30 10 2 96
17 2 2 38
26 6 2 78
11 2 1 28
12 3 1 40
8 4 1 40
7 7 1 58
7 7 2 55
7 5 1 46
9 8 2 60
20 9 1 83
27 8 2 88
25 3 1 67
5 6 1 52
6 4 1 38
25 3 2 64
14 6 1 64
20 4 2 58
11 3 1 37
11 7 2 59
19 2 2 42
27 4 2 70
28 6 1 81
26 5 2 74
6 3 2 31
7 3 2 32
22 9 1 87
8 4 1 40
12 1 2 29
7 4 1 40
27 3 1 67
10 7 1 60
11 4 1 43
7 3 1 33
5 6 2 50
23 9 1 90
7 4 2 37
17 6 1 66
10 1 2 24
11 4 2 41
13 2 2 31
23 4 2 64
9 3 1 34
17 10 2 76
12 10 1 74
13 2 1 33
29 7 2 82
20 4 1 61
28 10 1 99
13 5 1 54
2 2 1 15
27 4 1 73
7 7 1 58
12 1 1 30
8 2 2 21
24 4 2 67
28 1 1 57
2 2 2 14
5 3 2 29
5 4 2 35
27 6 1 81
16 3 2 44
13 7 2 63
14 2 2 34
14 7 1 69
5 5 1 44
12 7 2 61
17 6 1 66
7 4 1 40
17 4 2 52
18 3 1 53
20 7 1 74
20 9 2 80
20 3 2 54
4 10 2 59
10 3 1 35
13 1 1 33
16 1 2 34
28 8 1 90
10 1 2 24
9 4 1 41
22 3 1 60
30 10 2 96
30 7 2 82
20 9 2 80
20 10 2 80
12 6 1 59
14 1 2 34
26 6 1 81
26 8 2 88
10 5 1 49
17 5 2 57
29 7 1 85
29 10 1 99
10 2 1 26
12 6 2 56
21 5 1 70
25 3 2 64
19 10 2 79
10 9 1 70
13 9 1 76
15 9 2 74
1 5 2 35
10 5 1 49
15 4 1 52
4 3 2 27
4 2 2 16
2 5 2 35
27 6 2 78
2 9 1 57
16 6 1 64
6 8 1 59
16 7 1 69
30 8 2 88
8 4 1 40
25 4 2 70
21 7 1 77
4 1 2 15
29 5 1 77
21 7 2 75
6 10 1 65
2 10 2 54
7 7 1 58
15 8 2 70
10 8 2 62
14 8 2 70
14 9 1 77
3 6 2 45
7 9 2 63
9 2 1 24
11 6 2 54
28 9 1 99
29 2 1 57
28 1 2 54
15 8 2 70
9 9 2 66
13 10 1 76
18 6 2 65
19 1 1 45
14 1 2 34
6 6 2 51
27 8 2 88
2 5 2 35
4 3 1 29
21 1 1 49
27 4 2 70
25 2 2 54
20 3 2 54
30 4 1 73
14 7 1 69
30 9 1 99
14 1 2 34
9 9 1 69
12 5 1 52
1 4 1 29
2 1 2 13
4 9 1 62
25 2 1 57
1 1 2 13
23 3 1 62
15 5 2 54
8 8 1 62
27 5 1 77
3 5 2 37
2 7 1 48
10 10 1 70
23 3 1 62
28 5 2 74
9 1 2 23
1 5 1 37
22 5 1 72
3 5 2 37
7 7 2 55
8 8 1 62
14 9 1 77
8 7 2 56
9 7 2 57
30 6 1 81
9 10 1 69
20 9 2 80
16 8 2 70
26 3 2 64
4 10 2 59
24 5 1 76
12 6 2 56
12 9 2 71
15 4 2 49
11 3 2 35
28 2 2 54
21 10 2 82
27 2 2 54
22 5 1 72
14 3 2 44
15 10 1 77
15 5 1 57
26 2 1 57
5 6 1 52
20 3 1 57
14 7 1 69
18 4 2 54
18 9 1 80
28 6 1 81
24 4 1 70
24 10 2 91
3 2 2 15
22 7 2 77
13 3 2 40
18 7 2 69
7 1 2 19
11 3 1 37
4 2 1 17
20 4 1 61
2 10 2 54
11 2 1 28
3 10 2 56
26 7 2 82
21 8 2 77
20 4 1 61
1 6 2 42
10 2 1 26
26 1 1 57
13 9 1 76
16 7 2 66
23 8 1 84
16 1 2 34
9 5 2 45
19 8 2 74
4 10 2 59
30 3 2 64
28 2 2 54
12 6 1 59
29 10 1 99
20 6 2 69
3 5 1 40
24 2 2 51
28 10 2 96
26 9 2 96
10 6 2 53
4 10 1 62
20 4 1 61
15 8 1 73
16 3 1 47
10 2 1 26
1 5 1 37
28 4 2 70
13 2 2 31
7 1 1 20
1 1 2 13
8 8 2 59
10 4 1 42
1 10 1 57
8 10 1 67
5 7 2 52
15 9 1 77
8 9 1 67
16 7 2 66
9 2 2 23
29 4 2 70
29 10 1 99
25 6 1 81
12 1 2 29
14 6 1 64
19 8 2 74
23 1 1 52
7 7 2 55
12 10 2 71
21 4 1 63
9 7 2 57
18 2 1 43
9 8 1 63
18 2 1 43
17 5 1 60
11 1 2 26
8 3 2 32
10 10 2 67
22 5 1 72
22 8 2 79
20 3 2 54
21 8 2 77
24 9 1 94
29 9 2 96
3 6 1 48
23 3 1 62
18 5 2 60
1 2 2 14
22 2 2 48
20 8 2 76
19 8 2 74
23 1 1 52
14 5 2 54
7 9 1 66
27 2 2 54
9 5 1 48
8 8 2 59
14 3 2 44
24 5 1 76
9 7 2 57
9 1 1 24
27 10 1 99
10 1 1 26
21 1 2 46
18 5 2 60
29 4 2 70
18 7 1 72
14 7 1 69
4 1 2 15
10 5 1 49
25 9 1 98
13 2 2 31
4 8 1 56
29 1 2 54
16 7 1 69
10 2 2 24
2 2 1 15
27 9 1 99
21 5 1 70
5 3 2 29
11 10 2 69
22 3 2 57
18 6 1 68
15 10 2 74
27 1 1 57
12 2 2 29
30 2 1 57
16 6 1 64
13 2 2 31
29 5 1 77
13 9 1 76
15 4 1 52
18 9 1 80
13 8 1 70
22 6 1 76
27 8 1 90
7 9 1 66
1 5 2 35
22 4 1 65
6 9 2 62
14 8 1 73
4 4 2 33
6 6 1 53
26 3 1 67
30 9 1 99
13 5 2 51
28 2 2 54
16 5 2 54
21 10 1 85
7 4 1 40
18 5 2 60
9 5 2 45
12 9 1 74
17 7 1 70
8 9 1 67
19 7 1 73
14 7 1 69
8 1 2 21
7 4 1 40
20 6 1 72
26 8 1 90
11 1 1 28
11 8 1 66
20 5 1 68
5 2 1 19
4 3 1 29
4 6 1 50
21 6 1 74
10 8 1 64
19 5 1 65
24 2 1 55
19 4 1 59
26 5 1 77
10 9 1 70
27 8 2 88
1 9 2 54
14 4 2 49
11 9 1 72
30 6 2 78
8 6 2 51
6 6 2 51
6 10 2 62
22 2 2 48
17 8 1 74
2 7 1 48
14 9 1 77
20 2 2 44
22 4 1 65
25 8 1 90
25 8 2 88
15 4 2 49
23 5 1 74
21 7 1 77
14 6 2 61
29 10 2 96
5 8 2 55
1 8 1 52
15 8 2 70
3 7 1 51
18 7 2 69
19 4 1 59
1 7 1 48
8 1 2 21
9 8 2 60
5 7 2 52
8 5 2 44
19 1 1 45
4 10 1 62
15 7 2 66
20 10 2 80
11 6 1 57
7 4 2 37
1 8 2 49
21 1 1 49
4 2 2 16
28 7 2 82
16 6 2 61
30 6 2 78
1 1 2 13
19 2 2 42
20 3 1 57
14 3 2 44
18 6 1 68
22 10 2 85
8 3 2 32
18 4 2 54
12 1 2 29
19 9 1 81
17 7 2 67
11 4 1 43
22 10 2 85
27 1 2 54
13 2 2 31
4 8 2 53
5 8 2 55
23 6 1 77
9 5 1 48
26 7 1 85
19 1 1 45
7 1 1 20
14 2 2 34
12 7 2 61
21 2 1 49
8 5 1 47
6 7 2 54
22 1 2 48
20 9 2 80
21 1 1 49
19 5 1 65
8 9 2 64
19 7 2 70
29 3 2 64
28 4 1 73
4 8 2 53
19 1 1 45
8 9 1 67
15 7 2 66
3 6 1 48
23 6 2 75
6 3 2 31
1 9 1 57
6 10 1 65
6 9 1 65
9 3 1 34
8 9 1 67
19 1 2 42
23 6 2 75
26 3 1 67
27 5 2 74
28 5 2 74
3 2 1 16
26 7 1 85
26 4 1 73
5 8 1 58
16 2 1 37
30 4 2 70
18 4 1 57
5 5 2 41
22 4 2 62
17 4 1 55
1 4 2 28
18 1 2 40
13 5 1 54
12 4 1 44
11 6 1 57
30 7 2 82
18 2 2 40
21 6 1 74
3 3 2 25
14 10 1 77
24 1 2 51
26 1 2 54
25 5 1 77
11 7 1 62
20 4 2 58
20 9 2 80
21 8 1 80
24 2 2 51
22 9 1 87
18 9 1 80
30 1 1 57
3 9 1 60
3 8 1 54
19 7 2 70
20 10 2 80
25 5 2 74
22 9 2 85
3 9 1 60
23 7 2 78
9 5 1 48
25 2 1 57
18 8 2 73
18 9 1 80
12 10 2 71
9 2 2 23
1 10 1 57
27 2 2 54
10 4 2 40
1 2 2 14
17 8 2 72
26 4 1 73
10 9 2 67
3 6 2 45
30 7 1 85
9 7 1 60
18 5 1 63
25 4 1 73
28 6 2 78
11 9 2 69
25 5 2 74
30 7 1 85
29 9 2 96
16 10 2 74
25 5 1 77
26 2 1 57
10 5 2 46
15 1 2 35
9 5 1 48
6 1 1 19
10 10 2 67
12 10 2 71
27 2 2 54
17 4 2 52
7 4 1 40
20 7 1 74
29 6 2 78
8 4 1 40
6 1 2 18
22 2 2 48
1 2 1 15
2 9 1 57
29 9 2 96
12 3 2 37
7 4 1 40
30 9 1 99
27 2 2 54
26 10 1 99
9 8 1 63
4 5 1 42
18 8 2 73
2 7 2 45
22 6 1 76
7 9 1 66
21 6 2 71
8 7 1 59
22 1 1 51
25 3 1 67
18 3 1 53
19 7 1 73
7 8 2 58
24 7 1 83
9 4 2 39
18 4 2 54
8 10 1 67
12 8 1 67
23 3 2 59
29 9 1 99
20 7 2 72
12 9 1 74
10 2 1 26
26 9 2 96
16 6 2 61
12 2 2 29
26 10 2 96
19 1 1 45
14 2 2 34
10 1 2 24
15 1 1 37
12 9 2 71
14 4 1 52
1 1 1 14
28 8 1 90
20 6 1 72
30 3 1 67
4 4 1 35
6 5 2 42
18 9 2 77
20 10 2 80
24 1 1 55
17 9 2 76
26 5 2 74
18 5 2 60
9 10 1 69
15 7 2 66
19 1 2 42
14 1 2 34
30 8 2 88
29 10 2 96
30 6 1 81
18 5 2 60
21 10 2 82
19 6 1 70
23 4 1 67
24 1 1 55
19 2 1 45
11 5 1 51
13 3 1 43
4 9 2 59
26 4 1 73
24 7 1 83
16 7 1 69
23 10 1 90
20 3 1 57
18 5 1 63
22 10 2 85
20 2 2 44
9 8 1 63
12 7 2 61
19 1 1 45
4 10 1 62
5 2 2 18
1 1 1 14
30 4 2 70
1 10 1 57
28 10 1 99
22 3 2 57
30 2 1 57
11 3 2 35
2 2 1 15
21 7 1 77
12 7 2 61
16 8 2 70
7 1 1 20
19 8 1 77
3 10 1 60
15 2 1 37
14 4 1 52
9 7 2 57
22 2 2 48
23 9 2 88
18 3 1 53
28 5 2 74
8 7 2 56
19 8 2 74
30 8 1 90
18 5 1 63
29 9 1 99
26 10 1 99
4 8 1 56
6 10 2 62
24 6 1 79
2 5 2 35
11 1 1 28
26 6 1 81
21 2 2 46
15 5 2 54
7 3 1 33
25 9 2 96
26 6 2 78
5 8 1 58
14 8 2 70
17 10 2 76
27 8 1 90
10 5 1 49
22 9 2 85
9 10 1 69
30 4 2 70
9 5 1 48
18 7 1 72
21 10 2 82
25 8 1 90
16 10 1 77
10 7 1 60
6 2 1 20
26 1 2 54
25 4 1 73
3 4 1 33
6 4 2 36
4 2 1 17
6 5 1 45
14 4 2 49
18 4 1 57
7 2 2 19
2 3 2 21
9 10 2 66
9 7 2 57
23 4 2 64
2 4 1 29
22 4 2 62
19 6 2 67
27 2 1 57
27 9 2 96
19 8 2 74
4 4 2 33
29 5 2 74
13 2 1 33
25 2 2 54
1 7 2 45
8 10 1 67
11 9 2 69
2 1 2 13
29 3 2 64
13 4 1 48
23 5 1 74
23 7 2 78
20 1 1 47
15 4 1 52
6 5 1 45
5 4 2 35
28 9 2 96
3 1 1 15
16 4 2 49
4 9 1 62
24 7 1 83
9 9 1 69
25 2 2 54
29 9 2 96
6 4 1 38
27 2 1 57
24 8 1 87
21 10 2 82
2 5 1 37
9 3 1 34
24 7 1 83
6 5 1 45
22 5 1 72
22 8 2 79
28 10 1 99
12 4 2 42
7 9 2 63
23 9 1 90
26 6 1 81
21 8 1 80
17 5 2 57
1 10 2 54
7 8 2 58
5 4 1 37
7 1 2 19
10 1 2 24
13 1 2 31
10 6 2 53
25 9 1 98
1 7 1 48
13 7 2 63
19 5 1 65
6 6 2 51
8 9 2 64
14 5 1 57
4 10 2 59
14 3 2 44
20 10 2 80
15 9 2 74
2 3 2 21
24 10 2 91
1 4 1 29
3 1 2 14
4 9 2 59
16 3 2 44
29 6 1 81
3 2 2 15
11 9 1 72
9 3 2 32
19 1 1 45
29 7 1 85
14 5 2 54
25 5 1 77
29 5 1 77
29 9 1 99
30 6 1 81
24 3 2 61
30 4 2 70
13 5 1 54
30 9 1 99
26 5 2 74
21 8 1 80
18 7 1 72
26 1 2 54
1 5 2 35
18 9 1 80
7 6 2 51
12 9 2 71
21 2 1 49
4 5 1 42
16 6 1 64
1 9 2 54
6 2 1 20
29 4 2 70
1 8 2 49
21 4 2 60
28 8 1 90
27 4 1 73
24 9 2 91
27 7 1 85
28 5 1 77
26 9 1 99
30 4 1 73
17 10 1 79
26 9 2 96
27 1 1 57
26 4 2 70
13 4 2 45
17 7 1 70
20 6 2 69
13 6 2 58
16 5 2 54
27 7 2 82
20 10 2 80
8 4 2 38
19 5 1 65
23 8 2 82
1 7 2 45
28 10 2 96
25 1 2 54
6 6 1 53
2 4 1 29
4 4 1 35
6 4 1 38
3 6 1 48
10 3 2 33
16 1 2 34
15 2 1 37
27 8 2 88
25 6 1 81
21 2 1 49
27 6 1 81
6 8 2 57
9 3 1 34
2 5 2 35
18 10 1 80
2 5 1 37
4 7 1 53
6 8 2 57
13 3 1 43
14 8 1 73
13 3 2 40
15 9 1 77
18 1 2 40
20 1 2 44
19 2 1 45
26 3 2 64
13 4 2 45
29 2 2 54
10 8 2 62
12 9 1 74
3 7 1 51
15 6 2 61
26 6 2 78
4 1 2 15
12 5 1 52
26 8 1 90
20 4 2 58
24 4 1 70
18 10 2 77
26 6 2 78
22 2 2 48
10 9 1 70
10 1 1 26
15 6 2 61
27 1 1 57
23 9 2 88
12 1 2 29
19 9 1 81
18 3 1 53
9 9 1 69
16 5 1 57
3 9 1 60
14 4 2 49
23 3 1 62
10 9 1 70
20 3 1 57
24 1 2 51
10 5 2 46
23 2 2 49
15 1 1 37
4 8 2 53
21 8 1 80
30 7 2 82
1 10 1 57
29 10 2 96
14 9 1 77
23 7 1 81
13 4 1 48
28 7 1 85
26 4 1 73
30 1 1 57
3 8 2 51
28 1 2 54
3 6 1 48
27 3 2 64
15 4 2 49
28 9 1 99
1 7 2 45
18 8 1 76
4 1 1 16
2 2 2 14
3 1 2 14
18 6 1 68
9 2 1 24
16 2 1 37
7 2 1 20
12 8 2 64
7 5 2 43
23 4 2 64
12 6 2 56
14 2 1 37
1 9 2 54
9 10 2 66
2 7 1 48
7 5 1 46
20 1 2 44
11 8 2 63
29 9 1 99
20 7 1 74
24 2 2 51
23 8 2 82
2 6 1 44
6 5 2 42
9 10 2 66
3 3 2 25
2 1 2 13
23 5 2 71
8 2 2 21
3 1 2 14
12 9 2 71
8 10 2 64
1 7 1 48
25 1 1 57
7 6 1 53
1 1 2 13
2 3 2 21
13 2 1 33
20 1 1 47
16 1 2 34
10 3 2 33
8 9 2 64
11 9 2 69
15 4 2 49
21 8 1 80
28 8 1 90
29 3 1 67
30 1 2 54
5 5 2 41
28 5 1 77
29 3 2 64
30 10 1 99
20 6 2 69
2 9 1 57
6 8 1 59
6 1 1 19
15 8 1 73
5 9 1 63
18 3 2 51
8 8 2 59
26 7 1 85
9 1 1 24
13 10 1 76
7 5 2 43
6 8 2 57
3 5 1 40
15 8 1 73
8 8 1 62
5 10 1 63
21 9 1 85
16 8 2 70
5 4 2 35
30 3 2 64
4 7 2 50
19 9 1 81
5 8 2 55
8 5 2 44
4 3 1 29
25 3 2 64
17 3 2 48
17 2 1 40
27 4 1 73
8 1 1 22
21 5 1 70
2 3 2 21
23 9 2 88
1 1 1 14
9 7 2 57
19 6 2 67
20 9 2 80
16 10 2 74
3 5 2 37
6 4 2 36
11 10 2 69
25 2 1 57
21 5 2 67
2 4 1 29
28 7 1 85
9 1 1 24
2 3 1 22
12 10 1 74
21 7 2 75
9 8 1 63
21 8 1 80
22 4 1 65
23 10 1 90
22 3 2 57
9 8 2 60
12 6 1 59
21 8 1 80
21 10 1 85
6 7 1 57
13 9 2 73
2 3 1 22
16 4 1 52
17 7 1 70
12 10 2 71
27 5 1 77
28 10 1 99
26 5 1 77
16 1 2 34
10 9 2 67
8 4 2 38
11 9 2 69
8 2 2 21
25 6 2 78
19 5 2 62
10 3 2 33
8 6 2 51
15 10 1 77
1 8 1 52
25 5 2 74
11 2 2 26
11 9 1 72
1 8 1 52
27 10 2 96
16 6 1 64
12 9 2 71
8 3 1 33
18 5 1 63
24 9 1 94
24 9 1 94
14 1 1 37
29 8 2 88
29 7 2 82
21 8 2 77
17 5 1 60
11 6 1 57
26 5 2 74
29 10 1 99
9 10 1 69
1 8 1 52
3 1 1 15
26 3 1 67
5 2 1 19
25 3 2 64
27 1 1 57
3 7 2 48
25 6 1 81
7 8 2 58
20 4 1 61
12 6 1 59
13 4 1 48
18 3 1 53
7 2 2 19
19 2 1 45
11 9 2 69
4 7 2 50
25 7 1 85
16 7 2 66
23 6 2 75
20 1 2 44
8 8 1 62
3 5 2 37
3 2 2 15
14 4 2 49
1 10 1 57
13 6 1 61
9 6 1 55
24 2 2 51
10 5 2 46
13 10 1 76
22 1 2 48
5 3 2 29
12 2 2 29
5 6 2 50
11 6 1 57
20 7 1 74
6 2 2 19
9 6 2 52
5 7 2 52
3 9 1 60
24 7 1 83
24 4 1 70
7 3 2 32
5 3 1 31
12 5 1 52
16 2 1 37
5 10 1 63
3 7 2 48
6 10 2 62
13 1 2 31
9 3 1 34
24 1 2 51
19 6 1 70
21 8 1 80
10 4 2 40
23 6 1 77
8 9 2 64
26 3 2 64
28 3 2 64
7 6 2 51
10 9 1 70
9 3 1 34
14 2 1 37
1 6 2 42
6 2 1 20
17 3 1 50
5 5 2 41
20 8 2 76
18 10 1 80
15 5 2 54
18 9 2 77
23 1 1 52
30 4 1 73
25 4 2 70
14 4 1 52
12 4 2 42
17 8 2 72
9 3 2 32
12 5 2 49
19 3 2 53
18 8 1 76
17 10 1 79
7 4 1 40
17 9 2 76
15 2 1 37
15 8 1 73
15 5 1 57
12 2 1 30
10 5 1 49
29 8 1 90
23 4 2 64
22 7 1 79
4 6 1 50
8 9 1 67
29 3 2 64
27 10 1 99
3 8 2 51
10 9 2 67
14 5 2 54
29 8 1 90
29 6 2 78
9 10 1 69
22 6 1 76
19 2 1 45
8 6 2 51
23 8 1 84
14 4 2 49
26 7 2 82
20 10 1 83
10 3 2 33
28 7 2 82
15 3 2 44
13 9 2 73
18 1 1 43
3 2 1 16
14 7 2 66
14 1 1 37
8 6 2 51
26 1 2 54
27 6 2 78
27 7 1 85
19 8 2 74
21 6 1 74
1 4 1 29
2 7 1 48
1 2 1 15
15 2 1 37
13 1 1 33
15 2 1 37
15 9 1 77
18 3 1 53
10 9 2 67
3 8 1 54
7 3 2 32
18 4 2 54
25 2 1 57
2 2 2 14
25 1 1 57
16 10 1 77
25 8 2 88
6 9 1 65
28 10 1 99
8 5 1 47
28 6 2 78
23 1 2 49
16 1 1 37
17 7 1 70
3 2 1 16
8 4 1 40
30 4 2 70
2 10 1 57
18 2 2 40
12 6 1 59
10 2 1 26
5 3 2 29
16 7 2 66
4 5 2 39
30 5 1 77
25 9 2 96
3 6 1 48
22 5 1 72
26 7 1 85
12 9 1 74
8 1 1 22
17 7 1 70
6 3 2 31
15 8 2 70
17 2 2 38
20 2 1 47
10 8 1 64
22 1 1 51
25 4 2 70
7 2 1 20
30 8 1 90
15 6 1 64
11 2 2 26
15 4 1 52
19 7 2 70
18 1 2 40
9 6 2 52
1 3 2 21
4 8 2 53
24 4 2 67
20 9 1 83
22 4 1 65
3 6 1 48
5 9 1 63
23 9 2 88
26 7 1 85
12 9 1 74
2 7 2 45
26 2 2 54
12 5 2 49
2 10 2 54
15 6 1 64
19 4 2 56
20 3 1 57
22 6 1 76
25 6 1 81
19 3 1 56
13 10 1 76
1 8 2 49
26 3 2 64
15 4 2 49
13 4 2 45
26 7 2 82
4 3 2 27
8 4 2 38
24 1 2 51
12 1 2 29
15 6 1 64
12 3 1 40
25 6 2 78
1 9 2 54
28 4 2 70
22 4 2 62
29 2 2 54
23 8 1 84
2 1 1 14
27 5 2 74
14 8 1 73
8 10 1 67
29 2 2 54
8 3 2 32
10 5 2 46
27 1 1 57
10 2 2 24
19 5 1 65
28 4 2 70
10 5 2 46
19 10 2 79
12 8 2 64
26 6 2 78
15 2 2 34
24 10 1 94
22 1 1 51
23 7 1 81
15 9 2 74
8 5 1 47
5 8 1 58
29 4 2 70
30 5 2 74
28 8 2 88
13 6 2 58
12 5 1 52
12 5 2 49
27 10 2 96
4 2 1 17
18 2 1 43
22 10 1 87
23 7 2 78
20 10 2 80
8 8 1 62
11 6 2 54
4 3 1 29
20 5 1 68
30 10 2 96
8 5 1 47
27 2 2 54
7 9 1 66
13 10 2 73
23 2 1 52
6 7 1 57
29 10 1 99
25 3 1 67
7 1 2 19
19 8 2 74
9 10 2 66
29 9 2 96
7 7 1 58
14 2 2 34
20 4 2 58
18 9 2 77
16 6 2 61
20 2 2 44
21 7 2 75
1 8 1 52
11 8 2 63
23 8 2 82
29 8 1 90
30 4 2 70
3 7 2 48
27 7 1 85
16 9 2 74
23 10 2 88
14 4 1 52
13 5 1 54
25 2 1 57
19 8 1 77
27 5 2 74
21 6 2 71
27 8 2 88
30 10 1 99
26 2 1 57
6 5 1 45
3 8 1 54
19 2 2 42
6 9 2 62
17 10 2 76
27 6 1 81
22 5 2 69
30 2 1 57
20 3 1 57
6 1 1 19
23 8 2 82
3 4 2 31
29 9 1 99
26 7 1 85
29 7 2 82
7 8 2 58
11 2 2 26
6 3 1 33
5 1 2 16
15 10 2 74
5 2 1 19
28 3 1 67
29 6 2 78
26 5 1 77
22 3 1 60
28 3 1 67
1 5 2 35
22 2 1 51
2 1 2 13
26 6 1 81
14 3 2 44
18 8 2 73
25 2 1 57
4 5 1 42
20 4 2 58
26 5 1 77
23 2 1 52
1 4 1 29
12 7 1 63
11 2 2 26
27 1 1 57
4 10 1 62
16 2 1 37
3 2 1 16
11 2 1 28
7 3 2 32
10 3 1 35
22 10 1 87
25 4 2 70
14 9 2 74
5 3 1 31
1 1 1 14
22 3 1 60
15 5 1 57
1 1 1 14
9 5 2 45
11 3 1 37
7 10 1 66
26 6 1 81
17 3 1 50
8 3 1 33
25 5 2 74
3 2 1 16
24 6 2 76
16 9 1 77
25 5 1 77
30 7 2 82
23 9 1 90
29 5 1 77
4 3 2 27
19 7 2 70
12 9 1 74
16 10 1 77
26 7 2 82
17 8 1 74
1 4 1 29
10 1 2 24
14 8 2 70
16 8 2 70
18 9 2 77
5 1 2 16
20 2 1 47
7 3 2 32
15 1 2 35
19 3 2 53
1 7 2 45
20 4 1 61
18 9 2 77
8 10 1 67
9 7 1 60
10 2 1 26
13 1 2 31
20 10 2 80
27 8 1 90
4 8 1 56
27 7 2 82
21 9 1 85
6 6 2 51
23 3 2 59
16 8 1 73
24 10 2 91
11 5 1 51
27 1 1 57
17 1 1 40
24 6 2 76
17 4 2 52
6 8 1 59
15 10 2 74
11 3 1 37
6 5 2 42
26 7 1 85
9 1 2 23
23 10 1 90
19 9 2 79
29 1 1 57
10 6 1 56
15 2 2 34
29 8 1 90
11 7 1 62
3 2 2 15
17 4 1 55
16 1 2 34
3 7 2 48
24 3 1 64
2 4 1 29
30 4 2 70
26 1 2 54
6 6 1 53
14 2 1 37
30 4 1 73
29 7 1 85
3 9 2 56
24 7 2 80
6 4 1 38
22 4 2 62
6 6 1 53
7 2 1 20
4 8 2 53
12 1 2 29
1 2 2 14
11 2 2 26
2 6 2 42
22 4 2 62
26 3 2 64
9 9 2 66
20 5 1 68
5 5 2 41
18 6 1 68
2 10 2 54
16 1 2 34
21 10 2 82
20 8 1 78
2 5 2 35
26 4 1 73
5 10 2 60
11 8 2 63
6 8 1 59
2 5 2 35
22 3 1 60
1 9 2 54
7 1 2 19
10 3 1 35
14 2 2 34
14 10 1 77
3 4 2 31
11 7 2 59
1 7 1 48
8 1 1 22
30 3 1 67
14 5 1 57
24 6 2 76
10 10 1 70
19 6 1 70
20 5 2 65
19 10 2 79
27 1 1 57
28 6 1 81
29 6 2 78
7 1 2 19
12 5 1 52
2 9 2 54
18 2 1 43
5 4 2 35
18 1 2 40
9 4 1 41
19 4 1 59
22 3 1 60
10 1 2 24
5 6 2 50
7 6 1 53
4 7 1 53
18 3 1 53
19 3 2 53
9 3 1 34
26 3 2 64
16 9 1 77
27 5 2 74
20 7 2 72
4 1 1 16
5 5 2 41
13 4 2 45
11 9 2 69
20 7 1 74
5 9 2 60
2 1 2 13
14 2 2 34
17 6 1 66
23 9 1 90
13 10 1 76
29 9 1 99
11 10 2 69
2 10 2 54
15 2 2 34
19 4 2 56
27 2 1 57
27 6 2 78
3 10 1 60
16 7 2 66
25 8 1 90
15 1 2 35
11 4 1 43
13 2 1 33
18 1 1 43
5 3 2 29
29 7 2 82
10 6 1 56
25 7 1 85
11 4 1 43
23 3 2 59
11 5 1 51
19 5 2 62
30 3 1 67
19 4 2 56
3 6 1 48
10 6 2 53
21 10 1 85
23 7 2 78
3 5 1 40
15 5 1 57
10 8 2 62
29 5 2 74
1 2 2 14
21 6 1 74
7 3 2 32
4 1 2 15
2 2 2 14
21 9 1 85
27 7 2 82
7 5 2 43
21 6 2 71
13 10 2 73
14 7 1 69
7 3 1 33
19 2 1 45
13 2 2 31
28 2 1 57
5 1 2 16
19 8 2 74
12 5 2 49
14 7 2 66
9 8 2 60
10 10 2 67
20 1 2 44
5 10 1 63
14 3 1 47
20 8 1 78
